repetition: 2323

cost: 70542.089522

pmedian: {34: [11, 12, 22, 23, 24, 32, 33, 34, 35, 68, 69, 70, 71, 72, 75, 76, 80, 86], 133: [126, 127, 128, 129, 130, 131, 132, 133, 134, 135, 136, 137, 138, 139, 142, 143, 144, 145, 158, 159, 160, 161, 162, 163], 199: [174, 180, 185, 186, 188, 192, 193, 194, 199, 200, 201, 202, 203, 204, 205, 206, 207, 244, 245, 249, 259], 296: [280, 281, 282, 283, 284, 288, 289, 290, 291, 292, 295, 296, 297, 298, 302, 303, 304, 309, 319], 14: [0, 1, 3, 4, 5, 6, 7, 8, 9, 13, 14, 15, 16, 17, 18, 25, 26, 27, 28, 29, 36, 37, 38, 39, 40, 84, 140], 271: [243, 246, 247, 250, 251, 252, 260, 261, 262, 263, 269, 270, 271, 272, 277, 278, 279, 285, 286, 287, 293, 294, 299, 300, 306], 48: [41, 42, 43, 44, 45, 46, 47, 48, 49, 50, 51, 52, 53, 54, 55, 65, 67, 320, 321, 322, 323], 116: [102, 103, 105, 106, 107, 109, 110, 111, 112, 113, 115, 116, 123, 124], 182: [164, 165, 166, 168, 169, 170, 175, 176, 177, 178, 179, 181, 182, 183, 184, 187, 189, 190, 191, 195, 196, 197, 198], 119: [90, 114, 118, 119, 120, 121, 122], 248: [77, 78, 81, 85, 89, 248, 253, 254, 255, 256, 257, 258, 264, 265, 266, 267, 268, 273, 274, 275, 276], 153: [91, 92, 93, 94, 96, 97, 98, 99, 141, 146, 147, 148, 149, 150, 151, 152, 153, 154, 155, 156, 157], 315: [301, 307, 308, 310, 311, 312, 313, 314, 315, 316, 317, 318], 125: [73, 74, 79, 82, 83, 87, 88, 95, 100, 101, 104, 108, 117, 125], 20: [2, 10, 19, 20, 21, 30, 31, 56, 57, 58, 59, 60, 61, 62, 63, 64, 66, 167, 171, 172, 173], 223: [208, 209, 210, 211, 212, 213, 214, 215, 216, 217, 218, 219, 220, 221, 222, 223, 224, 225, 226, 227, 228, 229, 230, 231, 232, 233, 234, 235, 236, 237, 238, 239, 240, 241, 242, 305]}

time: 0.00326991081238


Total run time: 17.98 sec

